heuristica: 1
 1  4  5    8  9  2    3  6  7 
 6  2  7    1  3  4    9  5  8 
 8  9  3    5  6  7    1  2  4 

 2  8  9    4  1  3    6  7  5 
 3  7  6    9  5  8    2  4  1 
 4  5  1    2  7  6    8  9  3 

 5  6  4    3  8  9    7  1  2 
 9  3  2    7  4  1    5  8  6 
 7  1  8    6  2  5    4  3  9 

forca bruta: 1
 1  4  5    2  3  7    6  9  8 
 6  2  7    1  8  9    3  4  5 
 8  9  3    5  6  4    1  2  7 

 2  1  6    4  7  8    9  5  3 
 3  7  4    9  5  1    8  6  2 
 5  8  9    3  2  6    4  7  1 

 4  5  1    8  9  2    7  3  6 
 9  6  2    7  1  3    5  8  4 
 7  3  8    6  4  5    2  1  9 

